# GIMP colorrc
# 
# This file holds a list of recently used colors.

(color-history
    (color-rgba 0.1803921568627451 0.19215686274509805 0.28627450980392155 1)
    (color-rgba 0.96078437566757202 0.99215692281723022 0.77647066116333008 1)
    (color-rgba 0.70980393886566162 0.87450987100601196 0.98823535442352295 1)
    (color-rgba 0.25098040699958801 0.20784315466880798 0.16078431904315948 1)
    (color-rgba 0.37647062540054321 0.36862745881080627 0.26666668057441711 1)
    (color-rgba 0.7882353663444519 0.54509806632995605 0.37647062540054321 1)
    (color-rgba 0.80000007152557373 0.29803922772407532 0.16470588743686676 1)
    (color-rgba 0.16862745583057404 0.1098039299249649 0.12156863510608673 1)
    (color-rgba 0.41176474094390869 0.41960787773132324 0.364705890417099 1)
    (color-rgba 0.26666668057441711 0.30588236451148987 0.31372550129890442 1)
    (color-rgba 0.53333336114883423 0.43921571969985962 0.45490199327468872 1)
    (color-rgba 0.36862745881080627 0.27450981736183167 0.30588236451148987 1)
    (color-rgba 0.56470590829849243 0.32156863808631897 0.33725491166114807 1)
    (color-rgba 0.43529415130615234 0.20784315466880798 0.22745099663734436 1)
    (color-rgba 0.39607846736907959 0.24705883860588074 0.29803922772407532 1)
    (color-rgba 0.16862745583057404 0.066666670143604279 0.1098039299249649 1)
    (color-rgba 0.058823529630899429 0.011764706112444401 0.015686275437474251 1)
    (color-rgba 0.68235294117647061 0.87058823529411766 0.73333333333333328 1)
    (color-rgba 0.70196078431372544 0.47843137254901963 0.8666666666666667 1)
    (color-rgba 0.57647058823529407 0.52549019607843139 0.51764705882352946 1)
    (color-rgba 0.46274509803921571 0.5490196078431373 0.37254901960784315 1)
    (color-rgba 0.38039215686274508 0.44705882352941179 0.30588235294117649 1)
    (color-rgba 0.4823529411764706 0.32549019607843138 0.31764705882352939 1)
    (color-rgba 0 0 0 1)
    (color-rgba 0.32549019607843138 0.3411764705882353 0.36078431372549019 1)
    (color-rgba 0.33725490196078434 0.23921568627450981 0.58431372549019611 1)
    (color-rgba 1 1 1 1)
    (color-rgba 0.090196078431372548 0.074509803921568626 0.094117647058823528 1)
    (color-rgba 0.23137254901960785 0.16078431372549021 0.14509803921568629 1)
    (color-rgba 0.20784313725490197 0.16862745098039217 0.18823529411764706 1)
    (color-rgba 0.27450980392156865 0.16078431372549021 0.11372549019607843 1)
    (color-rgba 0.20000000000000001 0.19215686274509805 0.25098039215686274 1)
    (color-rgba 0.28235294117647058 0.27058823529411763 0.32549019607843138 1)
    (color-rgba 0.34509803921568627 0.2627450980392157 0.24705882352941178 1)
    (color-rgba 0.39215686274509803 0.2627450980392157 0.19215686274509805 1)
    (color-rgba 0.52941176470588236 0.32549019607843138 0.20000000000000001 1)
    (color-rgba 0.49411764705882355 0.37254901960784315 0.31372549019607843 1)
    (color-rgba 0.65490196078431373 0.49803921568627452 0.38823529411764707 1)
    (color-rgba 0.79607843137254897 0.53725490196078429 0.30196078431372547 1)
    (color-rgba 0.78431372549019607 0.63529411764705879 0.50588235294117645 1)
    (color-rgba 0.94509803921568625 0.76470588235294112 0.42352941176470588 1)
    (color-rgba 0.21568627450980393 0.16470588235294117 0.17254901960784313 1)
    (color-rgba 0.43529415130615234 0.51764708757400513 0.63921570777893066 1))

# end of colorrc
